3 16.4235
4 17.2516
7 16.6048
9 16.587
10 17.3407
12 16.4669
16 16.0935
17 16.2328
18 16.1751
20 16.63
21 16.5549
22 15.9898
23 16.3477
24 16.5435
25 16.0488
33 17.3994
35 16.3006
36 16.559
40 16.6233
44 16.9269
45 17.1695
52 16.2125
53 14.9407
54 16.3243
55 16.4635
59 16.4057
61 16.3509
62 19.0065
63 16.485
69 16.5386
71 16.5358
73 16.4688
75 16.5004
76 16.4725
77 16.5433
78 16.5282
81 16.9011
85 16.6344
86 16.7219
87 16.1705
89 18.5203
92 14.3995
94 16.3055
95 16.4546
98 16.3454
99 16.366
102 16.5826
103 16.4438
107 16.7749
109 16.375
111 16.4312
114 16.6101
115 17.527
117 16.5044
118 17.0189
119 16.4396
120 16.5198
121 16.4938
